# amplicon position	effect
1	1.000000000000000000e+02
2	1.000000000000000000e+02
3	1.000000000000000000e+02
4	1.000000000000000000e+02
5	1.000000000000000000e+02
6	1.000000000000000000e+02
7	1.000000000000000000e+02
8	1.000000000000000000e+02
9	1.000000000000000000e+02
10	1.000000000000000000e+02
11	1.000000000000000000e+02
12	1.000000000000000000e+02
13	1.000000000000000000e+02
14	1.000000000000000000e+02
15	1.000000000000000000e+02
16	1.000000000000000000e+02
17	1.000000000000000000e+02
18	1.000000000000000000e+02
19	1.000000000000000000e+02
20	1.000000000000000000e+02
21	1.000000000000000000e+02
22	1.000000000000000000e+02
23	1.000000000000000000e+02
24	1.000000000000000000e+02
25	1.000000000000000000e+02
26	1.000000000000000000e+02
27	1.000000000000000000e+02
28	1.000000000000000000e+02
29	1.000000000000000000e+02
30	1.000000000000000000e+02
31	1.000000000000000000e+02
32	1.000000000000000000e+02
33	1.000000000000000000e+02
34	1.000000000000000000e+02
35	1.000000000000000000e+02
36	1.000000000000000000e+02
37	1.000000000000000000e+02
38	1.000000000000000000e+02
39	1.000000000000000000e+02
40	1.000000000000000000e+02
41	1.000000000000000000e+02
42	1.000000000000000000e+02
43	1.000000000000000000e+02
44	1.000000000000000000e+02
45	1.000000000000000000e+02
46	1.000000000000000000e+02
47	1.000000000000000000e+02
48	1.000000000000000000e+02
49	1.000000000000000000e+02
50	1.000000000000000000e+02
51	1.000000000000000000e+02
52	1.000000000000000000e+02
53	1.000000000000000000e+02
54	1.000000000000000000e+02
55	1.000000000000000000e+02
56	1.000000000000000000e+02
57	1.000000000000000000e+02
58	1.000000000000000000e+02
59	1.000000000000000000e+02
60	1.000000000000000000e+02
61	1.000000000000000000e+02
62	1.000000000000000000e+02
63	1.000000000000000000e+02
64	1.000000000000000000e+02
65	1.000000000000000000e+02
66	1.000000000000000000e+02
67	1.000000000000000000e+02
68	1.000000000000000000e+02
69	1.000000000000000000e+02
70	1.000000000000000000e+02
71	1.000000000000000000e+02
72	1.000000000000000000e+02
73	1.000000000000000000e+02
74	1.000000000000000000e+02
75	9.863945578231292188e+01
76	9.863945578231292188e+01
77	9.863945578231292188e+01
78	9.863945578231292188e+01
79	9.863945578231292188e+01
80	9.863945578231292188e+01
81	1.000000000000000000e+02
82	1.000000000000000000e+02
83	1.000000000000000000e+02
84	1.000000000000000000e+02
85	1.000000000000000000e+02
86	1.000000000000000000e+02
87	1.000000000000000000e+02
88	1.000000000000000000e+02
89	1.000000000000000000e+02
90	1.000000000000000000e+02
91	1.000000000000000000e+02
92	1.000000000000000000e+02
93	1.000000000000000000e+02
94	1.000000000000000000e+02
95	1.000000000000000000e+02
96	1.000000000000000000e+02
97	1.000000000000000000e+02
98	1.000000000000000000e+02
99	1.000000000000000000e+02
100	1.000000000000000000e+02
101	1.000000000000000000e+02
102	1.000000000000000000e+02
103	1.000000000000000000e+02
104	1.000000000000000000e+02
105	1.000000000000000000e+02
106	1.000000000000000000e+02
107	1.000000000000000000e+02
108	1.000000000000000000e+02
109	1.000000000000000000e+02
110	1.000000000000000000e+02
111	1.000000000000000000e+02
112	1.000000000000000000e+02
113	1.000000000000000000e+02
114	1.000000000000000000e+02
115	1.000000000000000000e+02
116	1.000000000000000000e+02
117	1.000000000000000000e+02
118	1.000000000000000000e+02
119	1.000000000000000000e+02
120	2.040816326530612290e+00
121	1.360544217687074786e+00
122	2.040816326530612290e+00
123	1.360544217687074786e+00
124	1.360544217687074786e+00
125	0.000000000000000000e+00
126	0.000000000000000000e+00
127	0.000000000000000000e+00
128	0.000000000000000000e+00
129	0.000000000000000000e+00
130	0.000000000000000000e+00
131	0.000000000000000000e+00
132	2.721088435374149572e+00
133	1.360544217687074786e+00
134	0.000000000000000000e+00
135	0.000000000000000000e+00
136	0.000000000000000000e+00
137	0.000000000000000000e+00
138	0.000000000000000000e+00
139	0.000000000000000000e+00
140	0.000000000000000000e+00
141	0.000000000000000000e+00
142	0.000000000000000000e+00
143	0.000000000000000000e+00
144	6.802721088435373931e-01
145	6.802721088435373931e-01
146	0.000000000000000000e+00
147	0.000000000000000000e+00
148	0.000000000000000000e+00
149	0.000000000000000000e+00
150	0.000000000000000000e+00
151	2.721088435374149572e+00
152	1.360544217687074786e+00
153	0.000000000000000000e+00
154	0.000000000000000000e+00
155	0.000000000000000000e+00
156	0.000000000000000000e+00
157	0.000000000000000000e+00
158	0.000000000000000000e+00
159	0.000000000000000000e+00
160	0.000000000000000000e+00
161	0.000000000000000000e+00
162	0.000000000000000000e+00
163	0.000000000000000000e+00
164	6.802721088435373931e-01
165	6.802721088435373931e-01
166	0.000000000000000000e+00
167	0.000000000000000000e+00
168	0.000000000000000000e+00
169	6.802721088435373931e-01
170	6.802721088435373931e-01
171	0.000000000000000000e+00
172	0.000000000000000000e+00
173	0.000000000000000000e+00
174	0.000000000000000000e+00
175	0.000000000000000000e+00
176	0.000000000000000000e+00
177	0.000000000000000000e+00
178	0.000000000000000000e+00
179	0.000000000000000000e+00
180	0.000000000000000000e+00
181	1.360544217687074786e+00
182	6.802721088435373931e-01
183	0.000000000000000000e+00
184	0.000000000000000000e+00
185	0.000000000000000000e+00
186	0.000000000000000000e+00
187	0.000000000000000000e+00
188	0.000000000000000000e+00
189	6.802721088435373931e-01
190	6.802721088435373931e-01
191	0.000000000000000000e+00
192	0.000000000000000000e+00
193	0.000000000000000000e+00
194	0.000000000000000000e+00
195	0.000000000000000000e+00
196	0.000000000000000000e+00
197	0.000000000000000000e+00
198	0.000000000000000000e+00
199	0.000000000000000000e+00
200	6.802721088435373931e-01
201	6.802721088435373931e-01
202	0.000000000000000000e+00
203	0.000000000000000000e+00
204	0.000000000000000000e+00
205	0.000000000000000000e+00
206	0.000000000000000000e+00
207	6.802721088435373931e-01
208	0.000000000000000000e+00
209	0.000000000000000000e+00
210	6.802721088435373931e-01
211	6.802721088435373931e-01
212	0.000000000000000000e+00
213	0.000000000000000000e+00
214	0.000000000000000000e+00
215	0.000000000000000000e+00
216	6.802721088435373931e-01
217	0.000000000000000000e+00
218	6.802721088435373931e-01
219	6.802721088435373931e-01
220	6.802721088435373931e-01
221	0.000000000000000000e+00
222	0.000000000000000000e+00
223	0.000000000000000000e+00
224	0.000000000000000000e+00
225	0.000000000000000000e+00
226	0.000000000000000000e+00
227	0.000000000000000000e+00
228	0.000000000000000000e+00
229	0.000000000000000000e+00
230	6.802721088435373931e-01
231	6.802721088435373931e-01
232	0.000000000000000000e+00
233	0.000000000000000000e+00
234	0.000000000000000000e+00
235	6.802721088435373931e-01
236	6.802721088435373931e-01
237	0.000000000000000000e+00
238	6.802721088435373931e-01
239	6.802721088435373931e-01
240	6.802721088435373931e-01
241	6.802721088435373931e-01
242	6.802721088435373931e-01
243	0.000000000000000000e+00
244	0.000000000000000000e+00
245	2.040816326530612290e+00
246	0.000000000000000000e+00
247	0.000000000000000000e+00
248	0.000000000000000000e+00
249	0.000000000000000000e+00
250	0.000000000000000000e+00
251	0.000000000000000000e+00
252	0.000000000000000000e+00
253	0.000000000000000000e+00
254	0.000000000000000000e+00
255	0.000000000000000000e+00
256	0.000000000000000000e+00
257	0.000000000000000000e+00
258	0.000000000000000000e+00
259	0.000000000000000000e+00
260	6.802721088435373931e-01
261	0.000000000000000000e+00
262	0.000000000000000000e+00
263	0.000000000000000000e+00
264	0.000000000000000000e+00
265	0.000000000000000000e+00
266	0.000000000000000000e+00
267	1.360544217687074786e+00
268	6.802721088435373931e-01
269	0.000000000000000000e+00
270	0.000000000000000000e+00
271	0.000000000000000000e+00
272	0.000000000000000000e+00
273	0.000000000000000000e+00
274	6.802721088435373931e-01
275	0.000000000000000000e+00
276	0.000000000000000000e+00
277	0.000000000000000000e+00
278	0.000000000000000000e+00
279	0.000000000000000000e+00
280	0.000000000000000000e+00
281	0.000000000000000000e+00
282	0.000000000000000000e+00
283	0.000000000000000000e+00
284	0.000000000000000000e+00
285	6.802721088435373931e-01
286	6.802721088435373931e-01
287	0.000000000000000000e+00
288	0.000000000000000000e+00
289	6.802721088435373931e-01
290	1.360544217687074786e+00
291	6.802721088435373931e-01
292	0.000000000000000000e+00
293	0.000000000000000000e+00
294	0.000000000000000000e+00
295	0.000000000000000000e+00
296	1.360544217687074786e+00
297	1.360544217687074786e+00
298	0.000000000000000000e+00
299	0.000000000000000000e+00
300	0.000000000000000000e+00
301	0.000000000000000000e+00
302	0.000000000000000000e+00
303	0.000000000000000000e+00
304	0.000000000000000000e+00
305	0.000000000000000000e+00
306	0.000000000000000000e+00
307	0.000000000000000000e+00
308	0.000000000000000000e+00
309	0.000000000000000000e+00
310	0.000000000000000000e+00
311	0.000000000000000000e+00
312	1.360544217687074786e+00
313	6.802721088435373931e-01
314	0.000000000000000000e+00
315	0.000000000000000000e+00
316	0.000000000000000000e+00
317	1.360544217687074786e+00
318	0.000000000000000000e+00
319	0.000000000000000000e+00
320	6.802721088435373931e-01
321	0.000000000000000000e+00
322	0.000000000000000000e+00
323	0.000000000000000000e+00
324	0.000000000000000000e+00
325	6.802721088435373931e-01
326	6.802721088435373931e-01
327	0.000000000000000000e+00
328	0.000000000000000000e+00
329	0.000000000000000000e+00
330	0.000000000000000000e+00
331	0.000000000000000000e+00
332	0.000000000000000000e+00
333	0.000000000000000000e+00
334	0.000000000000000000e+00
335	0.000000000000000000e+00
336	1.360544217687074786e+00
337	6.802721088435373931e-01
338	6.802721088435373931e-01
339	6.802721088435373931e-01
340	0.000000000000000000e+00
341	6.802721088435373931e-01
342	0.000000000000000000e+00
343	0.000000000000000000e+00
344	6.802721088435373931e-01
345	6.802721088435373931e-01
346	6.802721088435373931e-01
347	6.802721088435373931e-01
348	6.802721088435373931e-01
349	6.802721088435373931e-01
350	6.802721088435373931e-01
351	0.000000000000000000e+00
352	0.000000000000000000e+00
353	0.000000000000000000e+00
354	6.802721088435373931e-01
355	6.802721088435373931e-01
356	0.000000000000000000e+00
357	0.000000000000000000e+00
358	0.000000000000000000e+00
359	0.000000000000000000e+00
360	6.802721088435373931e-01
361	6.802721088435373931e-01
362	0.000000000000000000e+00
363	6.802721088435373931e-01
364	6.802721088435373931e-01
365	6.802721088435373931e-01
366	0.000000000000000000e+00
367	0.000000000000000000e+00
368	0.000000000000000000e+00
369	1.360544217687074786e+00
370	0.000000000000000000e+00
371	0.000000000000000000e+00
372	0.000000000000000000e+00
373	0.000000000000000000e+00
374	0.000000000000000000e+00
375	0.000000000000000000e+00
376	0.000000000000000000e+00
377	0.000000000000000000e+00
378	0.000000000000000000e+00
379	0.000000000000000000e+00
380	6.802721088435373931e-01
381	2.040816326530612290e+00
382	0.000000000000000000e+00
383	0.000000000000000000e+00
384	0.000000000000000000e+00
385	0.000000000000000000e+00
386	0.000000000000000000e+00
387	0.000000000000000000e+00
388	6.802721088435373931e-01
389	0.000000000000000000e+00
390	0.000000000000000000e+00
391	0.000000000000000000e+00
392	0.000000000000000000e+00
393	0.000000000000000000e+00
394	6.802721088435373931e-01
395	6.802721088435373931e-01
396	0.000000000000000000e+00
397	6.802721088435373931e-01
398	0.000000000000000000e+00
399	0.000000000000000000e+00
400	0.000000000000000000e+00
401	0.000000000000000000e+00
402	6.802721088435373931e-01
403	6.802721088435373931e-01
404	0.000000000000000000e+00
405	0.000000000000000000e+00
406	0.000000000000000000e+00
407	0.000000000000000000e+00
408	0.000000000000000000e+00
409	0.000000000000000000e+00
410	0.000000000000000000e+00
411	1.360544217687074786e+00
412	6.802721088435373931e-01
413	0.000000000000000000e+00
414	0.000000000000000000e+00
415	0.000000000000000000e+00
416	0.000000000000000000e+00
417	0.000000000000000000e+00
418	6.802721088435373931e-01
419	0.000000000000000000e+00
420	0.000000000000000000e+00
421	0.000000000000000000e+00
422	0.000000000000000000e+00
423	0.000000000000000000e+00
424	0.000000000000000000e+00
425	0.000000000000000000e+00
426	0.000000000000000000e+00
427	0.000000000000000000e+00
428	0.000000000000000000e+00
429	0.000000000000000000e+00
430	0.000000000000000000e+00
431	0.000000000000000000e+00
432	0.000000000000000000e+00
433	0.000000000000000000e+00
434	1.360544217687074786e+00
435	6.802721088435373931e-01
436	0.000000000000000000e+00
437	0.000000000000000000e+00
438	0.000000000000000000e+00
439	0.000000000000000000e+00
440	0.000000000000000000e+00
441	0.000000000000000000e+00
442	0.000000000000000000e+00
443	0.000000000000000000e+00
444	0.000000000000000000e+00
445	0.000000000000000000e+00
446	0.000000000000000000e+00
447	0.000000000000000000e+00
448	6.802721088435373931e-01
449	0.000000000000000000e+00
450	6.802721088435373931e-01
451	6.802721088435373931e-01
452	0.000000000000000000e+00
453	0.000000000000000000e+00
454	0.000000000000000000e+00
455	0.000000000000000000e+00
456	0.000000000000000000e+00
457	0.000000000000000000e+00
458	0.000000000000000000e+00
459	0.000000000000000000e+00
460	0.000000000000000000e+00
461	0.000000000000000000e+00
462	2.721088435374149572e+00
463	1.360544217687074786e+00
464	6.802721088435373931e-01
465	6.802721088435373931e-01
466	0.000000000000000000e+00
467	0.000000000000000000e+00
468	0.000000000000000000e+00
469	1.360544217687074786e+00
470	6.802721088435373931e-01
471	0.000000000000000000e+00
472	0.000000000000000000e+00
473	0.000000000000000000e+00
474	0.000000000000000000e+00
475	0.000000000000000000e+00
476	0.000000000000000000e+00
477	0.000000000000000000e+00
478	0.000000000000000000e+00
479	0.000000000000000000e+00
480	0.000000000000000000e+00
481	0.000000000000000000e+00
482	0.000000000000000000e+00
483	0.000000000000000000e+00
484	0.000000000000000000e+00
485	0.000000000000000000e+00
486	0.000000000000000000e+00
487	0.000000000000000000e+00
488	0.000000000000000000e+00
489	0.000000000000000000e+00
490	0.000000000000000000e+00
491	0.000000000000000000e+00
492	0.000000000000000000e+00
493	0.000000000000000000e+00
494	0.000000000000000000e+00
495	0.000000000000000000e+00
496	0.000000000000000000e+00
497	0.000000000000000000e+00
498	0.000000000000000000e+00
499	0.000000000000000000e+00
500	0.000000000000000000e+00
501	0.000000000000000000e+00
502	0.000000000000000000e+00
503	0.000000000000000000e+00
504	6.802721088435373931e-01
505	6.802721088435373931e-01
506	0.000000000000000000e+00
507	0.000000000000000000e+00
508	0.000000000000000000e+00
509	0.000000000000000000e+00
510	0.000000000000000000e+00
511	0.000000000000000000e+00
512	0.000000000000000000e+00
513	0.000000000000000000e+00
514	0.000000000000000000e+00
515	0.000000000000000000e+00
516	6.802721088435373931e-01
517	0.000000000000000000e+00
518	0.000000000000000000e+00
519	0.000000000000000000e+00
520	0.000000000000000000e+00
521	6.802721088435373931e-01
522	0.000000000000000000e+00
523	0.000000000000000000e+00
524	0.000000000000000000e+00
525	0.000000000000000000e+00
526	0.000000000000000000e+00
527	0.000000000000000000e+00
528	0.000000000000000000e+00
529	0.000000000000000000e+00
530	0.000000000000000000e+00
531	0.000000000000000000e+00
532	0.000000000000000000e+00
533	0.000000000000000000e+00
534	0.000000000000000000e+00
535	6.802721088435373931e-01
536	6.802721088435373931e-01
537	0.000000000000000000e+00
538	0.000000000000000000e+00
539	0.000000000000000000e+00
540	0.000000000000000000e+00
541	0.000000000000000000e+00
542	0.000000000000000000e+00
543	6.802721088435373931e-01
544	6.802721088435373931e-01
545	0.000000000000000000e+00
546	0.000000000000000000e+00
547	0.000000000000000000e+00
548	0.000000000000000000e+00
549	0.000000000000000000e+00
550	0.000000000000000000e+00
551	0.000000000000000000e+00
552	0.000000000000000000e+00
553	0.000000000000000000e+00
554	0.000000000000000000e+00
555	0.000000000000000000e+00
556	0.000000000000000000e+00
557	0.000000000000000000e+00
558	1.360544217687074786e+00
559	3.401360544217686854e+00
560	6.802721088435373931e-01
561	1.360544217687074786e+00
562	0.000000000000000000e+00
563	0.000000000000000000e+00
564	0.000000000000000000e+00
565	0.000000000000000000e+00
566	0.000000000000000000e+00
567	0.000000000000000000e+00
568	0.000000000000000000e+00
569	0.000000000000000000e+00
570	0.000000000000000000e+00
571	0.000000000000000000e+00
572	6.802721088435373931e-01
573	6.802721088435373931e-01
574	0.000000000000000000e+00
575	0.000000000000000000e+00
576	0.000000000000000000e+00
577	0.000000000000000000e+00
578	0.000000000000000000e+00
579	0.000000000000000000e+00
580	0.000000000000000000e+00
581	0.000000000000000000e+00
582	6.802721088435373931e-01
583	0.000000000000000000e+00
584	0.000000000000000000e+00
585	0.000000000000000000e+00
586	0.000000000000000000e+00
587	0.000000000000000000e+00
588	0.000000000000000000e+00
589	6.802721088435373931e-01
590	0.000000000000000000e+00
591	0.000000000000000000e+00
592	6.802721088435373931e-01
593	6.802721088435373931e-01
594	0.000000000000000000e+00
595	0.000000000000000000e+00
596	0.000000000000000000e+00
597	6.802721088435373931e-01
598	0.000000000000000000e+00
599	6.802721088435373931e-01
600	6.802721088435373931e-01
601	0.000000000000000000e+00
602	0.000000000000000000e+00
603	0.000000000000000000e+00
604	6.802721088435373931e-01
605	0.000000000000000000e+00
606	0.000000000000000000e+00
607	0.000000000000000000e+00
608	0.000000000000000000e+00
609	0.000000000000000000e+00
610	0.000000000000000000e+00
611	0.000000000000000000e+00
612	0.000000000000000000e+00
613	0.000000000000000000e+00
614	0.000000000000000000e+00
615	1.360544217687074786e+00
616	1.360544217687074786e+00
617	0.000000000000000000e+00
618	0.000000000000000000e+00
619	0.000000000000000000e+00
620	0.000000000000000000e+00
621	1.360544217687074786e+00
622	0.000000000000000000e+00
623	0.000000000000000000e+00
624	0.000000000000000000e+00
625	0.000000000000000000e+00
626	0.000000000000000000e+00
627	0.000000000000000000e+00
628	0.000000000000000000e+00
629	0.000000000000000000e+00
630	0.000000000000000000e+00
631	0.000000000000000000e+00
632	0.000000000000000000e+00
633	6.802721088435373931e-01
634	6.802721088435373931e-01
635	6.802721088435373931e-01
636	0.000000000000000000e+00
637	0.000000000000000000e+00
638	0.000000000000000000e+00
639	0.000000000000000000e+00
640	0.000000000000000000e+00
641	0.000000000000000000e+00
642	1.360544217687074786e+00
643	2.040816326530612290e+00
644	6.802721088435373931e-01
645	0.000000000000000000e+00
646	0.000000000000000000e+00
647	0.000000000000000000e+00
648	0.000000000000000000e+00
649	0.000000000000000000e+00
650	0.000000000000000000e+00
651	0.000000000000000000e+00
652	0.000000000000000000e+00
653	0.000000000000000000e+00
654	0.000000000000000000e+00
655	0.000000000000000000e+00
656	2.040816326530612290e+00
657	7.210884353741496966e+01
658	6.122448979591836604e+01
659	6.802721088435373931e-01
660	0.000000000000000000e+00
661	0.000000000000000000e+00
662	0.000000000000000000e+00
663	0.000000000000000000e+00
664	0.000000000000000000e+00
665	0.000000000000000000e+00
666	0.000000000000000000e+00
667	0.000000000000000000e+00
668	0.000000000000000000e+00
669	0.000000000000000000e+00
670	0.000000000000000000e+00
671	0.000000000000000000e+00
672	0.000000000000000000e+00
673	0.000000000000000000e+00
674	0.000000000000000000e+00
675	0.000000000000000000e+00
676	0.000000000000000000e+00
677	0.000000000000000000e+00
678	2.040816326530612290e+00
679	6.802721088435373931e-01
680	0.000000000000000000e+00
681	0.000000000000000000e+00
682	6.802721088435373931e-01
683	0.000000000000000000e+00
684	0.000000000000000000e+00
685	0.000000000000000000e+00
686	0.000000000000000000e+00
687	0.000000000000000000e+00
688	0.000000000000000000e+00
689	0.000000000000000000e+00
690	0.000000000000000000e+00
691	0.000000000000000000e+00
692	0.000000000000000000e+00
693	6.802721088435373931e-01
694	1.360544217687074786e+00
695	6.802721088435373931e-01
696	6.802721088435373931e-01
697	0.000000000000000000e+00
698	0.000000000000000000e+00
699	0.000000000000000000e+00
700	0.000000000000000000e+00
701	0.000000000000000000e+00
702	0.000000000000000000e+00
703	0.000000000000000000e+00
704	0.000000000000000000e+00
705	0.000000000000000000e+00
706	0.000000000000000000e+00
707	0.000000000000000000e+00
708	0.000000000000000000e+00
709	0.000000000000000000e+00
710	0.000000000000000000e+00
711	0.000000000000000000e+00
712	0.000000000000000000e+00
713	0.000000000000000000e+00
714	1.360544217687074786e+00
715	2.448979591836734571e+01
716	1.496598639455782376e+01
717	6.802721088435373931e-01
718	0.000000000000000000e+00
719	0.000000000000000000e+00
720	0.000000000000000000e+00
721	0.000000000000000000e+00
722	0.000000000000000000e+00
723	0.000000000000000000e+00
724	0.000000000000000000e+00
725	0.000000000000000000e+00
726	0.000000000000000000e+00
727	0.000000000000000000e+00
728	0.000000000000000000e+00
729	0.000000000000000000e+00
730	1.360544217687074786e+00
731	6.802721088435373931e-01
732	0.000000000000000000e+00
733	0.000000000000000000e+00
734	0.000000000000000000e+00
735	0.000000000000000000e+00
736	0.000000000000000000e+00
737	0.000000000000000000e+00
738	0.000000000000000000e+00
739	0.000000000000000000e+00
740	0.000000000000000000e+00
741	6.802721088435373931e-01
742	0.000000000000000000e+00
743	0.000000000000000000e+00
744	0.000000000000000000e+00
745	0.000000000000000000e+00
746	0.000000000000000000e+00
747	1.360544217687074786e+00
748	6.802721088435373931e-01
749	0.000000000000000000e+00
750	0.000000000000000000e+00
751	0.000000000000000000e+00
752	0.000000000000000000e+00
753	0.000000000000000000e+00
754	0.000000000000000000e+00
755	0.000000000000000000e+00
756	0.000000000000000000e+00
757	1.360544217687074786e+00
758	6.802721088435373931e-01
759	0.000000000000000000e+00
760	6.802721088435373931e-01
761	0.000000000000000000e+00
762	0.000000000000000000e+00
763	0.000000000000000000e+00
764	0.000000000000000000e+00
765	0.000000000000000000e+00
766	0.000000000000000000e+00
767	0.000000000000000000e+00
768	0.000000000000000000e+00
769	0.000000000000000000e+00
770	0.000000000000000000e+00
771	0.000000000000000000e+00
772	0.000000000000000000e+00
773	0.000000000000000000e+00
774	0.000000000000000000e+00
775	0.000000000000000000e+00
776	0.000000000000000000e+00
777	0.000000000000000000e+00
778	0.000000000000000000e+00
779	0.000000000000000000e+00
780	0.000000000000000000e+00
781	0.000000000000000000e+00
782	0.000000000000000000e+00
783	0.000000000000000000e+00
784	0.000000000000000000e+00
785	6.802721088435373931e-01
786	0.000000000000000000e+00
787	0.000000000000000000e+00
788	0.000000000000000000e+00
789	6.802721088435373931e-01
790	0.000000000000000000e+00
791	0.000000000000000000e+00
792	0.000000000000000000e+00
793	0.000000000000000000e+00
794	0.000000000000000000e+00
795	0.000000000000000000e+00
796	0.000000000000000000e+00
797	0.000000000000000000e+00
798	2.721088435374149572e+00
799	6.802721088435373931e-01
800	0.000000000000000000e+00
801	0.000000000000000000e+00
802	0.000000000000000000e+00
803	0.000000000000000000e+00
804	0.000000000000000000e+00
805	0.000000000000000000e+00
806	0.000000000000000000e+00
807	0.000000000000000000e+00
808	0.000000000000000000e+00
809	0.000000000000000000e+00
810	0.000000000000000000e+00
811	0.000000000000000000e+00
812	0.000000000000000000e+00
813	0.000000000000000000e+00
814	0.000000000000000000e+00
815	0.000000000000000000e+00
816	0.000000000000000000e+00
817	0.000000000000000000e+00
818	0.000000000000000000e+00
819	0.000000000000000000e+00
820	0.000000000000000000e+00
821	0.000000000000000000e+00
822	0.000000000000000000e+00
823	6.802721088435373931e-01
824	0.000000000000000000e+00
825	0.000000000000000000e+00
826	0.000000000000000000e+00
827	0.000000000000000000e+00
828	0.000000000000000000e+00
829	6.802721088435373931e-01
830	0.000000000000000000e+00
831	0.000000000000000000e+00
832	0.000000000000000000e+00
833	0.000000000000000000e+00
834	0.000000000000000000e+00
835	0.000000000000000000e+00
836	0.000000000000000000e+00
837	6.802721088435373931e-01
838	0.000000000000000000e+00
839	0.000000000000000000e+00
840	6.802721088435373931e-01
841	0.000000000000000000e+00
842	0.000000000000000000e+00
843	0.000000000000000000e+00
844	0.000000000000000000e+00
845	0.000000000000000000e+00
846	0.000000000000000000e+00
847	0.000000000000000000e+00
848	6.802721088435373931e-01
849	0.000000000000000000e+00
850	0.000000000000000000e+00
851	0.000000000000000000e+00
852	0.000000000000000000e+00
853	0.000000000000000000e+00
854	0.000000000000000000e+00
855	0.000000000000000000e+00
856	0.000000000000000000e+00
857	6.802721088435373931e-01
858	0.000000000000000000e+00
859	0.000000000000000000e+00
860	0.000000000000000000e+00
861	0.000000000000000000e+00
862	0.000000000000000000e+00
863	0.000000000000000000e+00
864	0.000000000000000000e+00
865	0.000000000000000000e+00
866	0.000000000000000000e+00
867	0.000000000000000000e+00
868	6.802721088435373931e-01
869	0.000000000000000000e+00
870	0.000000000000000000e+00
871	0.000000000000000000e+00
872	0.000000000000000000e+00
873	0.000000000000000000e+00
874	0.000000000000000000e+00
875	1.360544217687074786e+00
876	6.802721088435373931e-01
877	0.000000000000000000e+00
878	0.000000000000000000e+00
879	6.802721088435373931e-01
880	0.000000000000000000e+00
881	0.000000000000000000e+00
882	0.000000000000000000e+00
883	0.000000000000000000e+00
884	0.000000000000000000e+00
885	0.000000000000000000e+00
886	6.802721088435373931e-01
887	6.802721088435373931e-01
888	0.000000000000000000e+00
889	0.000000000000000000e+00
890	0.000000000000000000e+00
891	0.000000000000000000e+00
892	0.000000000000000000e+00
893	0.000000000000000000e+00
894	1.360544217687074786e+00
895	0.000000000000000000e+00
896	0.000000000000000000e+00
897	6.802721088435373931e-01
898	0.000000000000000000e+00
899	0.000000000000000000e+00
900	0.000000000000000000e+00
901	0.000000000000000000e+00
902	0.000000000000000000e+00
903	0.000000000000000000e+00
904	0.000000000000000000e+00
905	0.000000000000000000e+00
906	0.000000000000000000e+00
907	0.000000000000000000e+00
908	0.000000000000000000e+00
909	0.000000000000000000e+00
910	0.000000000000000000e+00
911	0.000000000000000000e+00
912	0.000000000000000000e+00
913	0.000000000000000000e+00
914	0.000000000000000000e+00
915	6.802721088435373931e-01
916	6.802721088435373931e-01
917	0.000000000000000000e+00
918	0.000000000000000000e+00
919	0.000000000000000000e+00
920	0.000000000000000000e+00
921	0.000000000000000000e+00
922	0.000000000000000000e+00
923	0.000000000000000000e+00
924	0.000000000000000000e+00
925	0.000000000000000000e+00
926	0.000000000000000000e+00
927	0.000000000000000000e+00
928	6.802721088435373931e-01
929	6.802721088435373931e-01
930	0.000000000000000000e+00
931	0.000000000000000000e+00
932	0.000000000000000000e+00
933	0.000000000000000000e+00
934	0.000000000000000000e+00
935	0.000000000000000000e+00
936	0.000000000000000000e+00
937	0.000000000000000000e+00
938	0.000000000000000000e+00
939	0.000000000000000000e+00
940	0.000000000000000000e+00
941	0.000000000000000000e+00
942	0.000000000000000000e+00
943	0.000000000000000000e+00
944	0.000000000000000000e+00
945	0.000000000000000000e+00
946	0.000000000000000000e+00
947	0.000000000000000000e+00
948	0.000000000000000000e+00
949	0.000000000000000000e+00
950	0.000000000000000000e+00
951	0.000000000000000000e+00
952	0.000000000000000000e+00
953	0.000000000000000000e+00
954	6.802721088435373931e-01
955	6.802721088435373931e-01
956	0.000000000000000000e+00
957	0.000000000000000000e+00
958	0.000000000000000000e+00
959	0.000000000000000000e+00
960	0.000000000000000000e+00
961	9.727891156462584377e+01
962	9.727891156462584377e+01
963	0.000000000000000000e+00
964	0.000000000000000000e+00
965	0.000000000000000000e+00
966	0.000000000000000000e+00
967	0.000000000000000000e+00
968	0.000000000000000000e+00
969	0.000000000000000000e+00
970	0.000000000000000000e+00
971	0.000000000000000000e+00
972	0.000000000000000000e+00
973	0.000000000000000000e+00
974	6.802721088435373931e-01
975	0.000000000000000000e+00
976	0.000000000000000000e+00
977	0.000000000000000000e+00
978	0.000000000000000000e+00
979	0.000000000000000000e+00
980	0.000000000000000000e+00
981	0.000000000000000000e+00
982	0.000000000000000000e+00
983	0.000000000000000000e+00
984	0.000000000000000000e+00
985	0.000000000000000000e+00
986	0.000000000000000000e+00
987	0.000000000000000000e+00
988	0.000000000000000000e+00
989	0.000000000000000000e+00
990	0.000000000000000000e+00
991	0.000000000000000000e+00
992	0.000000000000000000e+00
993	0.000000000000000000e+00
994	6.802721088435373931e-01
995	0.000000000000000000e+00
996	0.000000000000000000e+00
997	0.000000000000000000e+00
998	0.000000000000000000e+00
999	0.000000000000000000e+00
1000	0.000000000000000000e+00
1001	0.000000000000000000e+00
1002	0.000000000000000000e+00
1003	0.000000000000000000e+00
1004	0.000000000000000000e+00
1005	1.360544217687074786e+00
1006	6.802721088435373931e-01
1007	0.000000000000000000e+00
1008	0.000000000000000000e+00
1009	0.000000000000000000e+00
1010	6.802721088435373931e-01
1011	0.000000000000000000e+00
1012	0.000000000000000000e+00
1013	0.000000000000000000e+00
1014	6.802721088435373931e-01
1015	0.000000000000000000e+00
1016	0.000000000000000000e+00
1017	0.000000000000000000e+00
1018	0.000000000000000000e+00
1019	0.000000000000000000e+00
1020	0.000000000000000000e+00
1021	0.000000000000000000e+00
1022	6.802721088435373931e-01
1023	6.802721088435373931e-01
1024	0.000000000000000000e+00
1025	0.000000000000000000e+00
1026	0.000000000000000000e+00
1027	0.000000000000000000e+00
1028	0.000000000000000000e+00
1029	0.000000000000000000e+00
1030	0.000000000000000000e+00
1031	0.000000000000000000e+00
1032	0.000000000000000000e+00
1033	0.000000000000000000e+00
1034	0.000000000000000000e+00
1035	6.802721088435373931e-01
1036	6.802721088435373931e-01
1037	0.000000000000000000e+00
1038	0.000000000000000000e+00
1039	0.000000000000000000e+00
1040	0.000000000000000000e+00
1041	0.000000000000000000e+00
1042	0.000000000000000000e+00
1043	0.000000000000000000e+00
1044	0.000000000000000000e+00
1045	1.360544217687074786e+00
1046	6.802721088435373931e-01
1047	6.802721088435373931e-01
1048	0.000000000000000000e+00
1049	0.000000000000000000e+00
1050	1.000000000000000000e+02
1051	9.931972789115646094e+01
1052	0.000000000000000000e+00
1053	0.000000000000000000e+00
1054	0.000000000000000000e+00
1055	0.000000000000000000e+00
1056	0.000000000000000000e+00
1057	0.000000000000000000e+00
1058	0.000000000000000000e+00
1059	0.000000000000000000e+00
1060	0.000000000000000000e+00
1061	0.000000000000000000e+00
1062	0.000000000000000000e+00
1063	0.000000000000000000e+00
1064	6.802721088435373931e-01
1065	6.802721088435373931e-01
1066	0.000000000000000000e+00
1067	0.000000000000000000e+00
1068	0.000000000000000000e+00
1069	0.000000000000000000e+00
1070	0.000000000000000000e+00
1071	6.802721088435373931e-01
1072	6.802721088435373931e-01
1073	0.000000000000000000e+00
1074	1.360544217687074786e+00
1075	0.000000000000000000e+00
1076	0.000000000000000000e+00
1077	0.000000000000000000e+00
1078	0.000000000000000000e+00
1079	0.000000000000000000e+00
1080	0.000000000000000000e+00
1081	0.000000000000000000e+00
1082	0.000000000000000000e+00
1083	0.000000000000000000e+00
1084	0.000000000000000000e+00
1085	6.802721088435373931e-01
1086	0.000000000000000000e+00
1087	0.000000000000000000e+00
1088	0.000000000000000000e+00
1089	0.000000000000000000e+00
1090	0.000000000000000000e+00
1091	0.000000000000000000e+00
1092	0.000000000000000000e+00
1093	0.000000000000000000e+00
1094	0.000000000000000000e+00
1095	0.000000000000000000e+00
1096	6.802721088435373931e-01
1097	0.000000000000000000e+00
1098	0.000000000000000000e+00
1099	6.802721088435373931e-01
1100	1.360544217687074786e+00
1101	6.802721088435373931e-01
1102	0.000000000000000000e+00
1103	0.000000000000000000e+00
1104	0.000000000000000000e+00
1105	0.000000000000000000e+00
1106	0.000000000000000000e+00
1107	0.000000000000000000e+00
1108	0.000000000000000000e+00
1109	0.000000000000000000e+00
1110	0.000000000000000000e+00
1111	0.000000000000000000e+00
1112	0.000000000000000000e+00
1113	0.000000000000000000e+00
1114	0.000000000000000000e+00
1115	0.000000000000000000e+00
1116	0.000000000000000000e+00
1117	0.000000000000000000e+00
1118	6.802721088435373931e-01
1119	6.802721088435373931e-01
1120	0.000000000000000000e+00
1121	0.000000000000000000e+00
1122	0.000000000000000000e+00
1123	0.000000000000000000e+00
1124	0.000000000000000000e+00
1125	0.000000000000000000e+00
1126	0.000000000000000000e+00
1127	0.000000000000000000e+00
1128	0.000000000000000000e+00
1129	0.000000000000000000e+00
1130	0.000000000000000000e+00
1131	0.000000000000000000e+00
1132	0.000000000000000000e+00
1133	0.000000000000000000e+00
1134	0.000000000000000000e+00
1135	0.000000000000000000e+00
1136	0.000000000000000000e+00
1137	0.000000000000000000e+00
1138	0.000000000000000000e+00
1139	0.000000000000000000e+00
1140	0.000000000000000000e+00
1141	6.802721088435373931e-01
1142	0.000000000000000000e+00
1143	0.000000000000000000e+00
1144	0.000000000000000000e+00
1145	0.000000000000000000e+00
1146	0.000000000000000000e+00
1147	0.000000000000000000e+00
1148	0.000000000000000000e+00
1149	0.000000000000000000e+00
1150	1.020408163265306101e+01
1151	7.482993197278911879e+00
1152	6.802721088435373931e-01
1153	6.802721088435373931e-01
1154	0.000000000000000000e+00
1155	0.000000000000000000e+00
1156	0.000000000000000000e+00
1157	0.000000000000000000e+00
1158	0.000000000000000000e+00
1159	0.000000000000000000e+00
1160	0.000000000000000000e+00
1161	0.000000000000000000e+00
1162	0.000000000000000000e+00
1163	0.000000000000000000e+00
1164	0.000000000000000000e+00
1165	0.000000000000000000e+00
1166	0.000000000000000000e+00
1167	0.000000000000000000e+00
1168	0.000000000000000000e+00
1169	0.000000000000000000e+00
1170	0.000000000000000000e+00
1171	0.000000000000000000e+00
1172	0.000000000000000000e+00
1173	1.360544217687074786e+00
1174	0.000000000000000000e+00
1175	0.000000000000000000e+00
1176	0.000000000000000000e+00
1177	0.000000000000000000e+00
1178	0.000000000000000000e+00
1179	0.000000000000000000e+00
1180	0.000000000000000000e+00
1181	0.000000000000000000e+00
1182	0.000000000000000000e+00
1183	0.000000000000000000e+00
1184	6.802721088435373931e-01
1185	0.000000000000000000e+00
1186	0.000000000000000000e+00
1187	0.000000000000000000e+00
1188	0.000000000000000000e+00
1189	0.000000000000000000e+00
1190	0.000000000000000000e+00
1191	0.000000000000000000e+00
1192	6.802721088435373931e-01
1193	0.000000000000000000e+00
1194	0.000000000000000000e+00
1195	0.000000000000000000e+00
1196	0.000000000000000000e+00
1197	0.000000000000000000e+00
1198	0.000000000000000000e+00
1199	0.000000000000000000e+00
1200	0.000000000000000000e+00
1201	0.000000000000000000e+00
1202	0.000000000000000000e+00
1203	0.000000000000000000e+00
1204	2.040816326530612290e+00
1205	1.360544217687074786e+00
1206	0.000000000000000000e+00
1207	0.000000000000000000e+00
1208	0.000000000000000000e+00
1209	0.000000000000000000e+00
1210	0.000000000000000000e+00
1211	0.000000000000000000e+00
1212	0.000000000000000000e+00
1213	0.000000000000000000e+00
1214	1.360544217687074786e+00
1215	0.000000000000000000e+00
1216	0.000000000000000000e+00
1217	0.000000000000000000e+00
1218	6.802721088435373931e-01
1219	0.000000000000000000e+00
1220	6.802721088435373931e-01
1221	0.000000000000000000e+00
1222	0.000000000000000000e+00
1223	0.000000000000000000e+00
1224	0.000000000000000000e+00
1225	0.000000000000000000e+00
1226	0.000000000000000000e+00
1227	0.000000000000000000e+00
1228	0.000000000000000000e+00
1229	0.000000000000000000e+00
1230	0.000000000000000000e+00
1231	0.000000000000000000e+00
1232	0.000000000000000000e+00
1233	0.000000000000000000e+00
1234	0.000000000000000000e+00
1235	0.000000000000000000e+00
1236	0.000000000000000000e+00
1237	0.000000000000000000e+00
1238	0.000000000000000000e+00
1239	0.000000000000000000e+00
1240	0.000000000000000000e+00
1241	0.000000000000000000e+00
1242	0.000000000000000000e+00
1243	0.000000000000000000e+00
1244	0.000000000000000000e+00
1245	0.000000000000000000e+00
1246	0.000000000000000000e+00
1247	6.802721088435373931e-01
1248	0.000000000000000000e+00
1249	0.000000000000000000e+00
1250	6.802721088435373931e-01
1251	0.000000000000000000e+00
1252	6.802721088435373931e-01
1253	0.000000000000000000e+00
1254	6.802721088435373931e-01
1255	0.000000000000000000e+00
1256	0.000000000000000000e+00
1257	0.000000000000000000e+00
1258	6.802721088435373931e-01
1259	0.000000000000000000e+00
1260	0.000000000000000000e+00
1261	0.000000000000000000e+00
1262	0.000000000000000000e+00
1263	0.000000000000000000e+00
1264	6.802721088435373931e-01
1265	6.802721088435373931e-01
1266	0.000000000000000000e+00
1267	0.000000000000000000e+00
1268	0.000000000000000000e+00
1269	0.000000000000000000e+00
1270	0.000000000000000000e+00
1271	6.802721088435373931e-01
1272	6.802721088435373931e-01
1273	6.802721088435373931e-01
1274	0.000000000000000000e+00
1275	0.000000000000000000e+00
1276	0.000000000000000000e+00
1277	0.000000000000000000e+00
1278	0.000000000000000000e+00
1279	6.802721088435373931e-01
1280	0.000000000000000000e+00
1281	0.000000000000000000e+00
1282	0.000000000000000000e+00
1283	6.802721088435373931e-01
1284	6.802721088435373931e-01
1285	0.000000000000000000e+00
1286	0.000000000000000000e+00
1287	6.802721088435373931e-01
1288	6.802721088435373931e-01
1289	6.802721088435373931e-01
1290	6.802721088435373931e-01
1291	0.000000000000000000e+00
1292	0.000000000000000000e+00
1293	6.802721088435373931e-01
1294	0.000000000000000000e+00
1295	0.000000000000000000e+00
1296	6.802721088435373931e-01
1297	0.000000000000000000e+00
1298	0.000000000000000000e+00
1299	0.000000000000000000e+00
1300	0.000000000000000000e+00
1301	0.000000000000000000e+00
1302	6.802721088435373931e-01
1303	6.802721088435373931e-01
1304	6.802721088435373931e-01
1305	0.000000000000000000e+00
1306	0.000000000000000000e+00
1307	0.000000000000000000e+00
1308	0.000000000000000000e+00
1309	0.000000000000000000e+00
1310	0.000000000000000000e+00
1311	0.000000000000000000e+00
1312	0.000000000000000000e+00
1313	0.000000000000000000e+00
1314	0.000000000000000000e+00
1315	0.000000000000000000e+00
1316	0.000000000000000000e+00
1317	0.000000000000000000e+00
1318	6.802721088435373931e-01
1319	0.000000000000000000e+00
1320	0.000000000000000000e+00
1321	0.000000000000000000e+00
1322	0.000000000000000000e+00
1323	0.000000000000000000e+00
1324	0.000000000000000000e+00
1325	0.000000000000000000e+00
1326	0.000000000000000000e+00
1327	0.000000000000000000e+00
1328	0.000000000000000000e+00
1329	0.000000000000000000e+00
1330	0.000000000000000000e+00
1331	0.000000000000000000e+00
1332	0.000000000000000000e+00
1333	6.802721088435373931e-01
1334	0.000000000000000000e+00
1335	0.000000000000000000e+00
1336	0.000000000000000000e+00
1337	0.000000000000000000e+00
1338	0.000000000000000000e+00
1339	0.000000000000000000e+00
1340	0.000000000000000000e+00
1341	0.000000000000000000e+00
1342	0.000000000000000000e+00
1343	0.000000000000000000e+00
1344	0.000000000000000000e+00
1345	6.802721088435373931e-01
1346	0.000000000000000000e+00
1347	0.000000000000000000e+00
1348	0.000000000000000000e+00
1349	6.802721088435373931e-01
1350	6.802721088435373931e-01
1351	0.000000000000000000e+00
1352	0.000000000000000000e+00
1353	0.000000000000000000e+00
1354	0.000000000000000000e+00
1355	0.000000000000000000e+00
1356	0.000000000000000000e+00
1357	0.000000000000000000e+00
1358	0.000000000000000000e+00
1359	0.000000000000000000e+00
1360	0.000000000000000000e+00
1361	6.802721088435373931e-01
1362	0.000000000000000000e+00
1363	0.000000000000000000e+00
1364	6.802721088435373931e-01
1365	6.802721088435373931e-01
1366	0.000000000000000000e+00
1367	0.000000000000000000e+00
1368	0.000000000000000000e+00
1369	6.802721088435373931e-01
1370	1.360544217687074786e+00
1371	9.863945578231292188e+01
1372	9.931972789115646094e+01
1373	9.931972789115646094e+01
1374	9.931972789115646094e+01
1375	9.931972789115646094e+01
1376	9.931972789115646094e+01
1377	9.931972789115646094e+01
1378	9.931972789115646094e+01
1379	9.931972789115646094e+01
1380	9.931972789115646094e+01
1381	9.931972789115646094e+01
1382	9.931972789115646094e+01
1383	9.931972789115646094e+01
1384	9.931972789115646094e+01
1385	9.931972789115646094e+01
1386	9.931972789115646094e+01
1387	9.931972789115646094e+01
1388	9.931972789115646094e+01
1389	9.931972789115646094e+01
1390	9.931972789115646094e+01
1391	9.931972789115646094e+01
1392	9.931972789115646094e+01
1393	9.931972789115646094e+01
1394	9.931972789115646094e+01
1395	9.931972789115646094e+01
1396	9.931972789115646094e+01
1397	9.931972789115646094e+01
1398	9.931972789115646094e+01
1399	9.931972789115646094e+01
1400	9.931972789115646094e+01
1401	9.931972789115646094e+01
1402	9.931972789115646094e+01
1403	9.931972789115646094e+01
1404	0.000000000000000000e+00
